DLVGDAGVNVLR
115	25
116	50
117	25
156	25
157	50
158	25
228	25
229	50
230	25
269	25
270	50
271	25
327	25
328	50
329	25
368	25
369	50
370	25
384	25
385	50
386	25
482	25
483	50
484	25
499	25
500	50
501	25
570	25
571	50
572	25
581	25
582	50
583	25
627	25
628	50
629	25
638	25
639	50
640	25
709	25
710	50
711	25
726	25
727	50
728	25
824	25
825	50
826	25
840	25
841	50
842	25
881	25
882	50
883	25
939	25
940	50
941	25
981	25
982	50
983	25
1053	25
1054	50
1055	25
1094	25
1095	50
1096	25
1209	25
1210	50
1211	25

AILYEAENFQGH
71	25
72	50
73	25
137	25
138	50
139	25
184	25
185	50
186	25
194	25
195	50
196	25
297	25
298	50
299	25
322	25
323	50
324	25
460	25
461	50
462	25
469	25
470	50
471	25
583	25
584	50
585	25
589	25
590	50
591	25
660	25
661	50
662	25
712	25
713	50
714	25
783	25
784	50
785	25
789	25
790	50
791	25
903	25
904	50
905	25
912	25
913	50
914	25
1051	25
1052	50
1053	25
1075	25
1076	50
1077	25
1179	25
1180	50
1181	25
1189	25
1190	50
1191	25
1236	25
1237	50
1238	25
1302	25
1303	50
1304	25
1373	25
1374	50
1375	25

ITVYEKDNFIGR
113	25
114	50
115	25
156	25
157	50
158	25
213	25
214	75
215	75
216	25
313	25
314	50
315	25
326	25
327	50
328	25
473	25
474	50
475	25
476	25
477	50
478	25
587	25
588	50
589	25
605	25
606	50
607	25
702	25
703	50
704	25
733	25
734	50
735	25
830	25
831	50
832	25
848	25
849	50
850	25
959	25
960	50
961	25
962	25
963	50
964	25
1110	25
1111	50
1112	25
1123	25
1124	50
1125	25
1222	25
1223	75
1224	75
1225	25
1280	25
1281	50
1282	25
1323	25
1324	50
1325	25
1436	25
1437	50
1438	25

ISLYESADFKGN
113	25
114	75
115	75
116	25
171	25
172	50
173	25
200	25
201	50
202	25
299	25
300	50
301	25
313	25
314	50
315	25
446	25
447	50
448	25
476	25
477	50
478	25
561	25
562	50
563	25
605	25
606	50
607	25
632	25
633	50
634	25
692	25
693	50
694	25
719	25
720	50
721	25
763	25
764	50
765	25
848	25
849	50
850	25
878	25
879	50
880	25
1011	25
1012	50
1013	25
1025	25
1026	50
1027	25
1125	25
1126	50
1127	25
1154	25
1155	50
1156	25
1211	25
1212	75
1213	75
1214	25
1325	25
1326	50
1327	25

LGLFEHPNFAGR
113	25
114	50
115	25
156	25
157	50
158	25
170	25
171	50
172	25
213	25
214	50
215	25
283	25
284	75
285	75
286	25
430	25
431	75
432	75
433	25
545	25
546	50
547	25
559	25
560	50
561	25
642	25
643	50
644	25
696	25
697	50
698	25
779	25
780	50
781	25
793	25
794	50
795	25
907	25
908	75
909	75
910	25
1055	50
1056	100
1057	50
1126	25
1127	50
1128	25
1169	25
1170	50
1171	25
1183	25
1184	50
1185	25
1226	25
1227	50
1228	25
1339	25
1340	50
1341	25

IGLFENAGYTGR
113	25
114	50
115	25
156	25
157	50
158	25
170	25
171	50
172	25
213	25
214	50
215	25
283	25
284	50
285	25
314	25
315	50
316	25
430	25
431	50
432	25
477	25
478	50
479	25
534	25
535	50
536	25
559	25
560	50
561	25
605	25
606	50
607	25
673	25
674	50
675	25
719	25
720	50
721	25
744	25
745	50
746	25
801	25
802	50
803	25
848	25
849	50
850	25
964	25
965	50
966	25
995	25
996	50
997	25
1066	25
1067	50
1068	25
1109	25
1110	50
1111	25
1123	25
1124	50
1125	25
1166	25
1167	50
1168	25
1279	25
1280	50
1281	25

LCLFEGANFKGN
113	25
114	75
115	75
116	25
171	25
172	50
173	25
216	25
217	50
218	25
299	25
300	50
301	25
329	25
330	50
331	25
446	25
447	50
448	25
476	25
477	50
478	25
560	25
561	50
562	25
605	25
606	50
607	25
631	25
632	50
633	25
662	25
663	50
664	25
688	25
689	50
690	25
733	25
734	50
735	25
817	25
818	50
819	25
847	25
848	50
849	25
964	25
965	50
966	25
994	25
995	50
996	25
1078	25
1079	50
1080	25
1123	25
1124	50
1125	25
1180	25
1181	75
1182	75
1183	25
1294	25
1295	50
1296	25

LLLFEQENFQGR
113	25
114	50
115	25
156	25
157	50
158	25
213	25
214	50
215	25
226	25
227	50
228	25
339	25
340	50
341	50
342	50
343	25
486	25
487	50
488	50
489	50
490	25
602	25
603	50
604	25
615	25
616	50
617	25
731	25
732	50
733	25
743	25
744	50
745	25
859	25
860	50
861	25
872	25
873	50
874	25
987	25
988	75
989	75
990	25
1134	25
1135	50
1136	50
1137	50
1138	25
1249	25
1250	50
1251	25
1262	25
1263	50
1264	25
1319	25
1320	50
1321	25
1362	25
1363	50
1364	25
1475	25
1476	50
1477	25

VTLFEGENFQGC
99	25
100	50
101	25
103	25
104	50
105	25
160	25
161	50
162	25
200	25
201	50
202	25
288	25
289	50
290	25
313	25
314	50
315	25
435	25
436	50
437	25
460	25
461	50
462	25
549	25
550	50
551	25
589	25
590	50
591	25
646	25
647	50
648	25
678	25
679	50
680	25
735	25
736	50
737	25
775	25
776	50
777	25
864	25
865	50
866	25
889	25
890	50
891	25
1011	25
1012	50
1013	25
1036	25
1037	50
1038	25
1124	25
1125	50
1126	25
1165	25
1166	50
1167	25
1222	25
1223	50
1224	25
1226	25
1227	50
1228	25
1325	25
1326	50
1327	25

ITIFEKENFIGR
113	25
114	50
115	25
156	25
157	50
158	25
213	25
214	75
215	75
216	25
326	25
327	75
328	75
329	25
473	25
474	75
475	75
476	25
587	25
588	50
589	25
603	25
604	50
605	25
716	25
717	50
718	25
731	25
732	50
733	25
844	25
845	50
846	25
860	25
861	50
862	25
973	25
974	50
975	50
976	50
977	25
1121	25
1122	75
1123	75
1124	25
1234	25
1235	75
1236	75
1237	25
1292	25
1293	50
1294	25
1335	25
1336	50
1337	25
1448	25
1449	50
1450	25

LTIFEQENFLGR
113	25
114	50
115	25
156	25
157	50
158	25
213	25
214	75
215	75
216	25
326	25
327	75
328	75
329	25
473	25
474	75
475	75
476	25
587	25
588	50
589	25
603	25
604	50
605	25
716	25
717	50
718	25
731	25
732	50
733	25
844	25
845	50
846	25
860	25
861	50
862	25
973	25
974	75
975	75
976	25
1121	25
1122	75
1123	75
1124	25
1234	25
1235	75
1236	75
1237	25
1292	25
1293	50
1294	25
1335	25
1336	50
1337	25
1448	25
1449	50
1450	25

IVLYENPNFTGK
113	25
114	50
115	25
128	25
129	50
130	25
185	25
186	50
187	25
212	25
213	50
214	25
286	25
287	50
288	25
325	25
326	50
327	25
433	25
434	50
435	25
488	25
489	50
490	25
547	25
548	50
549	25
617	25
618	50
619	25
644	25
645	50
646	25
731	25
732	50
733	25
758	25
759	50
760	25
828	25
829	50
830	25
887	25
888	50
889	25
942	25
943	50
944	25
1050	25
1051	50
1052	25
1090	25
1091	50
1092	25
1164	25
1165	50
1166	25
1191	25
1192	50
1193	25
1248	25
1249	50
1250	25
1263	25
1264	50
1265	25
1376	25
1377	50
1378	25

IHLFENAGYTGR
113	25
114	50
115	25
156	25
157	50
158	25
213	25
214	50
215	25
250	25
251	50
252	25
314	25
315	50
316	25
363	25
364	50
365	25
477	25
478	50
479	25
510	25
511	50
512	25
534	25
535	50
536	25
605	25
606	50
607	25
639	25
640	50
641	25
719	25
720	50
721	25
753	25
754	50
755	25
824	25
825	50
826	25
848	25
849	50
850	25
881	25
882	50
883	25
995	25
996	50
997	25
1045	25
1046	50
1047	25
1109	25
1110	50
1111	25
1146	25
1147	50
1148	25
1203	25
1204	50
1205	25
1246	25
1247	50
1248	25
1359	25
1360	50
1361	25

IRSIKVESGPWVGFEYPEYQ
113	25
114	50
115	25
128	25
129	50
130	25
269	25
270	50
271	25
291	25
292	50
293	25
356	25
357	50
358	25
420	25
421	50
422	25
469	25
470	50
471	25
517	25
518	50
519	25
597	25
598	50
599	25
680	25
681	50
682	25
696	25
697	50
698	25
809	25
810	50
811	25
826	25
827	50
828	25
913	25
914	50
915	25
956	25
957	50
958	25
970	25
971	50
972	25
1013	25
1014	50
1015	25
1067	25
1068	50
1069	25
1112	25
1113	50
1114	25
1253	25
1254	50
1255	25
1299	25
1300	50
1301	25
1352	25
1353	50
1354	25
1396	25
1397	50
1398	25
1409	25
1410	50
1411	25
1453	25
1454	50
1455	25
1540	25
1541	50
1542	25
1556	25
1557	50
1558	25
1669	25
1670	50
1671	25
1685	25
1686	50
1687	25
1768	25
1769	50
1770	25
1848	25
1849	50
1850	25
1896	25
1897	50
1898	25
1945	25
1946	50
1947	25
2009	25
2010	50
2011	25
2074	25
2075	50
2076	25
2096	25
2097	50
2098	25
2237	25
2238	50
2239	25
2252	25
2253	50
2254	25
2365	25
2366	50
2367	25

VRSVKVENGAWVAFEYPDFQ
99	25
100	50
101	25
128	25
129	50
130	25
255	25
256	50
257	25
275	25
276	50
277	25
342	25
343	50
344	25
390	25
391	50
392	25
441	25
442	50
443	25
487	25
488	50
489	25
569	25
570	50
571	25
650	25
651	50
652	25
668	25
669	50
670	25
779	25
780	50
781	25
797	25
798	50
799	25
912	25
913	50
914	25
926	25
927	50
928	25
969	25
970	50
971	25
997	25
998	50
999	25
1040	25
1041	50
1042	25
1096	25
1097	50
1098	25
1226	25
1227	50
1228	25
1283	25
1284	50
1285	25
1325	25
1326	50
1327	25
1354	25
1355	50
1356	25
1396	25
1397	50
1398	25
1411	25
1412	50
1413	25
1525	25
1526	50
1527	25
1543	25
1544	50
1545	25
1654	25
1655	50
1656	25
1672	25
1673	50
1674	25
1753	25
1754	50
1755	25
1835	25
1836	50
1837	25
1881	25
1882	50
1883	25
1932	25
1933	50
1934	25
1980	25
1981	50
1982	25
2047	25
2048	50
2049	25
2067	25
2068	50
2069	25
2194	25
2195	50
2196	25
2223	25
2224	50
2225	25
2322	25
2323	50
2324	25

IRSLKVECGAWVGYEHTGFC
103	25
104	50
105	25
113	25
114	50
115	25
250	25
251	50
252	25
269	25
270	50
271	25
307	25
308	50
309	25
356	25
357	50
358	25
408	25
409	50
410	25
469	25
470	50
471	25
545	25
546	50
547	25
597	25
598	50
599	25
674	25
675	50
676	25
696	25
697	50
698	25
826	25
827	50
828	25
837	25
838	50
839	25
894	25
895	50
896	25
929	25
930	50
931	25
986	25
987	50
988	25
993	25
994	50
995	25
1057	25
1058	50
1059	25
1179	25
1180	50
1181	25
1243	25
1244	50
1245	25
1251	25
1252	50
1253	25
1308	25
1309	50
1310	25
1342	25
1343	50
1344	25
1399	25
1400	50
1401	25
1411	25
1412	50
1413	25
1540	25
1541	50
1542	25
1562	25
1563	50
1564	25
1639	25
1640	50
1641	25
1691	25
1692	50
1693	25
1767	25
1768	50
1769	25
1828	25
1829	50
1830	25
1880	25
1881	50
1882	25
1929	25
1930	50
1931	25
1967	25
1968	50
1969	25
1986	25
1987	50
1988	25
2123	25
2124	50
2125	25
2133	25
2134	50
2135	25
2236	25
2237	50
2238	25

VRSLKVECGAWVGYEHTSFC
99	25
100	50
101	25
103	25
104	50
105	25
250	25
251	50
252	25
255	25
256	50
257	25
337	25
338	50
339	25
342	25
343	50
344	25
438	25
439	50
440	25
455	25
456	50
457	25
575	25
576	50
577	25
583	25
584	50
585	25
682	25
683	50
684	25
704	25
705	50
706	25
811	25
812	50
813	25
867	25
868	50
869	25
915	25
916	50
917	25
924	25
925	50
926	25
972	25
973	50
974	25
1023	25
1024	50
1025	25
1043	25
1044	50
1045	25
1209	25
1210	50
1211	25
1229	25
1230	50
1231	25
1281	25
1282	50
1283	25
1328	25
1329	50
1330	25
1338	25
1339	50
1340	25
1385	25
1386	50
1387	25
1441	25
1442	50
1443	25
1548	25
1549	50
1550	25
1570	25
1571	50
1572	25
1669	25
1670	50
1671	25
1677	25
1678	50
1679	25
1797	25
1798	50
1799	25
1814	25
1815	50
1816	25
1910	25
1911	50
1912	25
1915	25
1916	50
1917	25
1997	25
1998	50
1999	25
2002	25
2003	50
2004	25
2149	25
2150	50
2151	25
2153	25
2154	50
2155	25
2252	25
2253	50
2254	25

VRSFRIESGAWVGFEHCGFQ
99	25
100	50
101	25
128	25
129	50
130	25
255	25
256	50
257	25
275	25
276	50
277	25
332	25
333	50
334	25
342	25
343	50
344	25
435	25
436	50
437	25
489	25
490	50
491	25
572	25
573	50
574	25
645	25
646	50
647	25
701	25
702	50
703	25
758	25
759	50
760	25
848	25
849	50
850	25
887	25
888	50
889	25
905	25
906	50
907	25
975	25
976	50
977	25
1004	25
1005	50
1006	25
1032	25
1033	50
1034	25
1103	25
1104	50
1105	25
1190	25
1191	50
1192	25
1262	25
1263	50
1264	25
1289	25
1290	50
1291	25
1319	25
1320	50
1321	25
1388	25
1389	50
1390	25
1406	25
1407	50
1408	25
1445	25
1446	50
1447	25
1535	25
1536	50
1537	25
1592	25
1593	50
1594	25
1648	25
1649	50
1650	25
1721	25
1722	50
1723	25
1804	25
1805	50
1806	25
1858	25
1859	50
1860	25
1951	25
1952	50
1953	25
1961	25
1962	50
1963	25
2018	25
2019	50
2020	25
2038	25
2039	50
2040	25
2165	25
2166	50
2167	25
2194	25
2195	50
2196	25
2293	25
2294	50
2295	25

VRSLKVLSGAWVGFEHAGFQ
99	25
100	50
101	25
128	25
129	50
130	25
255	25
256	50
257	25
275	25
276	50
277	25
332	25
333	50
334	25
342	25
343	50
344	25
403	25
404	50
405	25
455	25
456	50
457	25
540	25
541	50
542	25
583	25
584	50
585	25
669	25
670	50
671	25
682	25
683	50
684	25
796	25
797	50
798	25
816	25
817	50
818	25
873	25
874	50
875	25
883	25
884	50
885	25
940	25
941	50
942	25
972	25
973	50
974	25
1011	25
1012	50
1013	25
1159	25
1160	50
1161	25
1197	25
1198	50
1199	25
1230	25
1231	50
1232	25
1287	25
1288	50
1289	25
1296	25
1297	50
1298	25
1353	25
1354	50
1355	25
1374	25
1375	50
1376	25
1487	25
1488	50
1489	25
1500	25
1501	50
1502	25
1586	25
1587	50
1588	25
1629	25
1630	50
1631	25
1714	25
1715	50
1716	25
1766	25
1767	50
1768	25
1827	25
1828	50
1829	25
1837	25
1838	50
1839	25
1894	25
1895	50
1896	25
1914	25
1915	50
1916	25
2041	25
2042	50
2043	25
2070	25
2071	50
2072	25
2169	25
2170	50
2171	25

VRSVIVSSGPWVAYEQANMR
99	25
100	50
101	25
156	25
157	50
158	25
255	25
256	50
257	25
287	25
288	50
289	25
342	25
343	50
344	25
401	25
402	50
403	25
441	25
442	50
443	25
472	25
473	50
474	25
554	25
555	50
556	25
600	25
601	50
602	25
653	25
654	50
655	25
729	25
730	50
731	25
740	25
741	50
742	25
827	25
828	50
829	25
885	25
886	50
887	25
892	25
893	50
894	25
963	25
964	50
965	25
982	25
983	50
984	25
1062	25
1063	50
1064	25
1168	25
1169	50
1170	25
1249	25
1250	50
1251	25
1267	25
1268	50
1269	25
1338	25
1339	50
1340	25
1346	25
1347	50
1348	25
1403	25
1404	50
1405	25
1490	25
1491	50
1492	25
1501	25
1502	50
1503	25
1577	25
1578	50
1579	25
1630	25
1631	50
1632	25
1676	25
1677	50
1678	25
1758	25
1759	50
1760	25
1789	25
1790	50
1791	25
1829	25
1830	50
1831	25
1888	25
1889	50
1890	25
1943	25
1944	50
1945	25
1975	25
1976	50
1977	25
2074	25
2075	50
2076	25
2131	25
2132	50
2133	25
2230	25
2231	50
2232	25

VRSIIVTSGPWVAFEQSNFR
99	25
100	50
101	25
156	25
157	50
158	25
255	25
256	50
257	25
303	25
304	50
305	25
342	25
343	50
344	25
417	25
418	50
419	25
455	25
456	50
457	25
504	25
505	50
506	25
568	25
569	50
570	25
632	25
633	50
634	25
667	25
668	50
669	25
761	25
762	50
763	25
768	25
769	50
770	25
856	25
857	50
858	25
908	25
909	50
910	25
913	25
914	50
915	25
979	25
980	50
981	25
1010	25
1011	50
1012	25
1079	25
1080	50
1081	25
1196	25
1197	50
1198	25
1265	25
1266	50
1267	25
1295	25
1296	50
1297	25
1362	25
1363	50
1364	25
1366	25
1367	50
1368	25
1419	25
1420	50
1421	25
1506	25
1507	50
1508	25
1513	25
1514	50
1515	25
1607	25
1608	50
1609	25
1642	25
1643	50
1644	25
1706	25
1707	50
1708	25
1770	25
1771	50
1772	25
1819	25
1820	50
1821	25
1857	25
1858	50
1859	25
1932	25
1933	50
1934	25
1971	25
1972	50
1973	25
2019	25
2020	50
2021	25
2118	25
2119	50
2120	25
2175	25
2176	50
2177	25
2274	25
2275	50
2276	25

VGSILVHSGPWVGYEQASCK
99	25
100	50
101	25
128	25
129	50
130	25
156	25
157	50
158	25
231	25
232	50
233	25
243	25
244	50
245	25
318	25
319	50
320	25
356	25
357	50
358	25
389	25
390	50
391	25
469	25
470	50
471	25
517	25
518	50
519	25
568	25
569	50
570	25
646	25
647	50
648	25
705	25
706	50
707	25
792	25
793	50
794	25
809	25
810	50
811	25
849	25
850	50
851	25
866	25
867	50
868	25
947	25
948	50
949	25
965	25
966	50
967	25
1133	25
1134	50
1135	25
1152	25
1153	50
1154	25
1232	25
1233	50
1234	25
1249	25
1250	50
1251	25
1289	25
1290	50
1291	25
1306	25
1307	50
1308	25
1393	25
1394	50
1395	25
1452	25
1453	50
1454	25
1530	25
1531	50
1532	25
1581	25
1582	50
1583	25
1629	25
1630	50
1631	25
1709	25
1710	50
1711	25
1742	25
1743	50
1744	25
1780	25
1781	50
1782	25
1855	25
1856	50
1857	25
1867	25
1868	50
1869	25
1942	25
1943	50
1944	25
1970	25
1971	50
1972	25
1999	25
2000	50
2001	25
2098	25
2099	50
2100	25

AGSVLVQAGPWVGYEQANCK
71	25
72	50
73	25
128	50
129	100
130	50
215	25
216	50
217	25
231	25
232	50
233	25
314	25
315	50
316	25
345	25
346	50
347	25
416	25
417	50
418	25
427	25
428	50
429	25
526	25
527	50
528	25
544	25
545	50
546	25
654	25
655	50
656	25
673	25
674	50
675	25
725	25
726	50
727	25
782	25
783	50
784	25
836	25
837	50
838	25
879	25
880	50
881	25
893	25
894	50
895	25
992	25
993	50
994	25
1066	25
1067	50
1068	25
1165	25
1166	50
1167	25
1179	25
1180	50
1181	25
1222	25
1223	50
1224	25
1276	25
1277	50
1278	25
1333	25
1334	50
1335	25
1385	25
1386	50
1387	25
1404	25
1405	50
1406	25
1514	25
1515	50
1516	25
1532	25
1533	50
1534	25
1631	25
1632	50
1633	25
1642	25
1643	50
1644	25
1713	25
1714	50
1715	25
1744	25
1745	50
1746	25
1827	25
1828	50
1829	25
1843	25
1844	50
1845	25
1930	50
1931	100
1932	50
1987	25
1988	50
1989	25
2058	25
2059	50
2060	25

VGSIQVESGPWLGFERQAFA
71	25
72	50
73	25
99	25
100	50
101	25
156	25
157	50
158	25
218	25
219	50
220	25
243	25
244	50
245	25
289	25
290	50
291	25
356	25
357	50
358	25
417	25
418	50
419	25
484	25
485	50
486	25
573	25
574	50
575	25
583	25
584	50
585	25
702	25
703	50
704	25
712	25
713	50
714	25
799	25
800	50
801	25
849	25
850	50
851	25
856	25
857	50
858	25
906	25
907	50
908	25
953	25
954	50
955	25
1020	25
1021	50
1022	25
1140	25
1141	50
1142	25
1206	25
1207	50
1208	25
1253	25
1254	50
1255	25
1303	25
1304	50
1305	25
1310	25
1311	50
1312	25
1360	25
1361	50
1362	25
1447	25
1448	50
1449	25
1457	25
1458	50
1459	25
1576	25
1577	50
1578	25
1586	25
1587	50
1588	25
1675	25
1676	50
1677	25
1742	25
1743	50
1744	25
1803	25
1804	50
1805	25
1870	25
1871	50
1872	25
1916	25
1917	50
1918	25
1941	25
1942	50
1943	25
2003	25
2004	50
2005	25
2060	25
2061	50
2062	25
2088	25
2089	50
2090	25
2159	25
2160	50
2161	25

VGSIQVESGPWLAFEQRAFR
99	25
100	50
101	25
156	50
157	100
158	50
243	25
244	50
245	25
303	25
304	50
305	25
356	25
357	50
358	25
374	25
375	50
376	25
484	25
485	50
486	25
530	25
531	50
532	25
583	25
584	50
585	25
658	25
659	50
660	25
712	25
713	50
714	25
787	25
788	50
789	25
799	25
800	50
801	25
856	25
857	50
858	25
934	25
935	50
936	25
953	25
954	50
955	25
1006	25
1007	50
1008	25
1119	25
1120	50
1121	25
1140	25
1141	50
1142	25
1253	25
1254	50
1255	25
1305	25
1306	50
1307	25
1324	25
1325	50
1326	25
1402	25
1403	50
1404	25
1459	25
1460	50
1461	25
1471	25
1472	50
1473	25
1546	25
1547	50
1548	25
1600	25
1601	50
1602	25
1675	25
1676	50
1677	25
1728	25
1729	50
1730	25
1774	25
1775	50
1776	25
1884	25
1885	50
1886	25
1902	25
1903	50
1904	25
1955	25
1956	50
1957	25
2015	25
2016	50
2017	25
2102	50
2103	100
2104	50
2159	25
2160	50
2161	25
2258	25
2259	50
2260	25

RASEGVYGGYGLIPW
156	25
157	50
158	25
186	25
187	50
188	25
227	25
228	50
229	25
283	25
284	50
285	25
314	25
315	50
316	25
396	25
397	50
398	25
443	25
444	50
445	25
500	25
501	50
502	25
509	25
510	50
511	25
566	25
567	50
568	25
599	25
600	50
601	25
729	25
730	50
731	25
762	25
763	50
764	25
786	25
787	50
788	25
819	25
820	50
821	25
843	25
844	50
845	25
876	25
877	50
878	25
1006	25
1007	50
1008	25
1039	25
1040	50
1041	25
1096	25
1097	50
1098	25
1106	25
1107	50
1108	25
1163	25
1164	50
1165	25
1210	25
1211	50
1212	25
1292	25
1293	50
1294	25
1323	25
1324	50
1325	25
1379	25
1380	50
1381	25
1420	25
1421	50
1422	25
1450	25
1451	50
1452	25
1606	25
1607	50
1608	25

VAYSRPQRALLLELL
99	25
100	50
101	25
113	25
114	50
115	25
170	25
171	50
172	25
226	25
227	50
228	25
333	25
334	50
335	25
355	25
356	50
357	25
420	25
421	50
422	25
468	25
469	50
470	25
576	25
577	50
578	25
581	25
582	50
583	25
673	25
674	50
675	25
694	25
695	50
696	25
766	25
767	50
768	25
801	25
802	50
803	25
922	25
923	50
924	25
958	25
959	50
960	25
1029	25
1030	50
1031	25
1050	25
1051	50
1052	25
1142	25
1143	50
1144	25
1147	25
1148	50
1149	25
1255	25
1256	50
1257	25
1303	25
1304	50
1305	25
1368	25
1369	50
1370	25
1390	25
1391	50
1392	25
1497	25
1498	50
1499	25
1553	25
1554	50
1555	25
1610	25
1611	50
1612	25
1624	25
1625	50
1626	25
1723	25
1724	50
1725	25

LGHFSDLDDLRPFFK
113	25
114	50
115	25
128	25
129	50
130	25
170	25
171	50
172	25
275	25
276	50
277	25
307	25
308	50
309	25
422	25
423	50
424	25
454	25
455	50
456	25
519	25
520	50
521	25
541	25
542	50
543	25
656	25
657	50
658	25
675	25
676	50
677	25
769	25
770	50
771	25
788	25
789	50
790	25
884	25
885	50
886	25
903	25
904	50
905	25
999	25
1000	50
1001	25
1019	25
1020	50
1021	25
1113	25
1114	50
1115	25
1132	25
1133	50
1134	25
1247	25
1248	50
1249	25
1269	25
1270	50
1271	25
1334	25
1335	50
1336	25
1366	25
1367	50
1368	25
1481	25
1482	50
1483	25
1513	25
1514	50
1515	25
1618	25
1619	50
1620	25
1660	25
1661	50
1662	25
1675	25
1676	50
1677	25
1788	25
1789	50
1790	25

RELIQHVCYMGNNWC
103	25
104	50
105	25
156	25
157	50
158	25
285	25
286	50
287	25
289	25
290	50
291	25
398	25
399	50
400	25
403	25
404	50
405	25
511	25
512	50
513	25
517	25
518	50
519	25
574	25
575	50
576	25
639	25
640	50
641	25
705	25
706	50
707	25
776	25
777	50
778	25
868	25
869	50
870	25
875	25
876	50
877	25
971	25
972	50
973	25
979	25
980	50
981	25
1070	25
1071	50
1072	25
1142	25
1143	50
1144	25
1207	25
1208	50
1209	25
1273	25
1274	50
1275	25
1330	25
1331	50
1332	25
1335	25
1336	50
1337	25
1444	25
1445	50
1446	25
1449	25
1450	50
1451	25
1558	25
1559	50
1560	25
1562	25
1563	50
1564	25
1691	25
1692	50
1693	25
1744	25
1745	50
1746	25
1847	25
1848	50
1849	25

GLGSQGICSPVNHWC
57	25
58	50
59	25
103	25
104	50
105	25
170	25
171	50
172	25
227	25
228	50
229	25
289	25
290	50
291	25
314	25
315	50
316	25
426	25
427	50
428	25
442	25
443	50
444	25
499	25
500	50
501	25
540	25
541	50
542	25
612	25
613	50
614	25
639	25
640	50
641	25
715	25
716	50
717	25
736	25
737	50
738	25
802	25
803	50
804	25
823	25
824	50
825	25
899	25
900	50
901	25
926	25
927	50
928	25
998	25
999	50
1000	25
1039	25
1040	50
1041	25
1096	25
1097	50
1098	25
1113	25
1114	50
1115	25
1225	25
1226	50
1227	25
1250	25
1251	50
1252	25
1312	25
1313	50
1314	25
1369	25
1370	50
1371	25
1436	25
1437	50
1438	25
1482	25
1483	50
1484	25
1539	25
1540	50
1541	25

STLHCPGLLPWWYSD
87	25
88	50
89	25
115	25
116	50
117	25
188	25
189	50
190	25
202	25
203	50
204	25
301	25
302	50
303	25
365	25
366	50
367	25
438	25
439	50
440	25
541	25
542	50
543	25
551	25
552	50
553	25
638	25
639	50
640	25
695	25
696	50
697	25
737	25
738	50
739	25
808	25
809	50
810	25
834	25
835	50
836	25
921	25
922	50
923	25
947	25
948	50
949	25
1019	25
1020	50
1021	25
1061	25
1062	50
1063	25
1118	25
1119	50
1120	25
1205	25
1206	50
1207	25
1215	25
1216	50
1217	25
1318	25
1319	50
1320	25
1391	25
1392	50
1393	25
1455	25
1456	50
1457	25
1554	25
1555	50
1556	25
1568	25
1569	50
1570	25
1641	25
1642	50
1643	25
1669	25
1670	50
1671	25
1756	25
1757	50
1758	25

SPVYTVFDAYFPQDY
87	25
88	50
89	25
163	25
164	50
165	25
184	25
185	50
186	25
278	25
279	50
280	25
283	25
284	50
285	25
406	25
407	50
408	25
446	25
447	50
448	25
503	25
504	50
505	25
547	25
548	50
549	25
646	25
647	50
648	25
650	25
651	50
652	25
793	25
794	50
795	25
813	25
814	50
815	25
884	25
885	50
886	25
908	25
909	50
910	25
979	25
980	50
981	25
999	25
1000	50
1001	25
1143	25
1144	50
1145	25
1146	25
1147	50
1148	25
1246	25
1247	50
1248	25
1290	25
1291	50
1292	25
1347	25
1348	50
1349	25
1387	25
1388	50
1389	25
1510	25
1511	50
1512	25
1515	25
1516	50
1517	25
1609	25
1610	50
1611	25
1630	25
1631	50
1632	25
1706	25
1707	50
1708	25
1793	25
1794	50
1795	25

TVTGILPFHWLSNVP
97	25
98	50
99	25
101	25
102	50
103	25
196	25
197	50
198	25
200	25
201	50
202	25
301	25
302	50
303	25
310	25
311	50
312	25
358	25
359	50
360	25
397	25
398	50
399	25
471	25
472	50
473	25
510	25
511	50
512	25
584	25
585	50
586	25
681	25
682	50
683	25
696	25
697	50
698	25
828	25
829	50
830	25
833	25
834	50
835	25
966	25
967	50
968	25
980	25
981	50
982	25
1078	25
1079	50
1080	25
1152	25
1153	50
1154	25
1191	25
1192	50
1193	25
1265	25
1266	50
1267	25
1304	25
1305	50
1306	25
1352	25
1353	50
1354	25
1361	25
1362	50
1363	25
1462	25
1463	50
1464	25
1466	25
1467	50
1468	25
1561	25
1562	50
1563	25
1565	25
1566	50
1567	25
1662	25
1663	50
1664	25

SVCYSYTAFPGCTHN
87	25
88	50
89	25
114	25
115	50
116	25
186	25
187	50
188	25
251	25
252	50
253	25
289	25
290	50
291	25
352	25
353	50
354	25
452	25
453	50
454	25
455	25
456	50
457	25
512	25
513	50
514	25
539	25
540	50
541	25
609	25
610	50
611	25
702	25
703	50
704	25
756	25
757	50
758	25
803	25
804	50
805	25
827	25
828	50
829	25
874	25
875	50
876	25
928	25
929	50
930	25
1021	25
1022	50
1023	25
1091	25
1092	50
1093	25
1118	25
1119	50
1120	25
1175	25
1176	50
1177	25
1178	25
1179	50
1180	25
1279	25
1280	50
1281	25
1342	25
1343	50
1344	25
1380	25
1381	50
1382	25
1445	25
1446	50
1447	25
1517	25
1518	50
1519	25
1544	25
1545	50
1546	25
1631	25
1632	50
1633	25

FALIPYHWTMASHAY
147	25
148	50
149	25
163	25
164	50
165	25
218	25
219	50
220	25
234	25
235	50
236	25
331	25
332	50
333	25
371	25
372	50
373	25
444	25
445	50
446	25
458	25
459	50
460	25
529	25
530	50
531	25
541	25
542	50
543	25
660	25
661	50
662	25
704	25
705	50
706	25
761	25
762	50
763	25
841	25
842	50
843	25
947	25
948	50
949	25
1028	25
1029	50
1030	25
1084	25
1085	50
1086	25
1129	25
1130	50
1131	25
1248	25
1249	50
1250	25
1260	25
1261	50
1262	25
1331	25
1332	50
1333	25
1345	25
1346	50
1347	25
1418	25
1419	50
1420	25
1458	25
1459	50
1460	25
1555	25
1556	50
1557	25
1571	25
1572	50
1573	25
1626	25
1627	50
1628	25
1642	25
1643	50
1644	25
1789	25
1790	50
1791	25

YYPGLLPYSASQVWT
101	25
102	50
103	25
163	25
164	50
165	25
287	25
288	50
289	25
326	25
327	50
328	25
386	25
387	50
388	25
423	25
424	50
425	25
480	25
481	50
482	25
514	25
515	50
516	25
593	25
594	50
595	25
601	25
602	50
603	25
672	25
673	50
674	25
706	25
707	50
708	25
759	25
760	50
761	25
803	25
804	50
805	25
922	25
923	50
924	25
966	25
967	50
968	25
1019	25
1020	50
1021	25
1054	25
1055	50
1056	25
1125	25
1126	50
1127	25
1133	25
1134	50
1135	25
1212	25
1213	50
1214	25
1246	25
1247	50
1248	25
1303	25
1304	50
1305	25
1340	25
1341	50
1342	25
1400	25
1401	50
1402	25
1439	25
1440	50
1441	25
1563	25
1564	50
1565	25
1625	25
1626	50
1627	25
1726	25
1727	50
1728	25

